44657 67148 33375 68347 48790 14244 51085 49815 12117 
59626 27675 -7834 71627 31950 36761 32635 32242 35167 
45849 70340 12173 64576 67702 2445  37981 65567 59330 
60176 42881 10364 13196 10788 35742 -4091 22501 31411 
20464 7219  35560 54499 -8352 15632 6061  52061 -1074 
45587 51166 63643 -4962 28408 39120 51776 -2718 2932  
71658 47249 71967 -647  -5330 55822 57362 22615 58348 
46248 56327 49171 60562 14279 12804 63633 71581 3630  
31652 58622 7230  38109 34996 -1540 53684 17624 68460 
23203 -6933 5573  14023 35921 -6281 54013 7393  8252  
